[{"id": 0, "img_name": "00000000", "width": 1054, "height": 1878, "position": [-0.8670574002255209, -0.1569305309178038, 0.29476908614246156], "rotation": [[0.4593772592856865, -0.38841080945418804, -0.7988176116926275], [0.023881494645460803, 0.9044007688720626, -0.42601516813033874], [0.8879201584966239, 0.17662472183350872, 0.424736977166535]], "fy": 1639.4160326418532, "fx": 1637.3479683648786}, {"id": 1, "img_name": "00000001", "width": 1054, "height": 1878, "position": [-0.8486844835921881, -0.1512510281192748, 0.2959846481059636], "rotation": [[0.4555091844408252, -0.4923363282658597, -0.7416982693519957], [0.004820154821956035, 0.834504305782065, -0.5509803351651364], [0.8902180345272422, 0.24740150262455032, 0.38249751306586033]], "fy": 1639.4160326418532, "fx": 1637.3479683648786}, {"id": 2, "img_name": "00000002", "width": 1054, "height": 1878, "position": [-0.8157394038625013, -0.17678061042431334, 0.26256439403044785], "rotation": [[0.4828929024299566, -0.6271820236672235, -0.6111114088048586], [-0.007083073977529436, 0.6950507889869189, -0.7189257477595932], [0.8756507721950582, 0.3514926882843338, 0.33119271615911283]], "fy": 1639.4160326418532, "fx": 1637.3479683648786}, {"id": 3, "img_name": "00000003", "width": 1054, "height": 1878, "position": [-0.8555028504050523, -0.16094741333227056, 0.30466361556320504], "rotation": [[0.558937438817471, -0.521534903451, -0.644662922751512], [0.04494777220705629, 0.7953551978663322, -0.6044748191617497], [0.8279907229322008, 0.3088874450497522, 0.4679956292839152]], "fy": 1639.4160326418532, "fx": 1637.3479683648786}, {"id": 4, "img_name": "00000004", "width": 1054, "height": 1878, "position": [-0.9499298923921476, -0.12869737964623834, 0.34738322215312334], "rotation": [[0.7522988897311208, -0.185328045958494, -0.6322182343862992], [0.07361480281063737, 0.9772560840598171, -0.19887535537422102], [0.6546962970083717, 0.1030730883852718, 0.7488315545796983]], "fy": 1639.4160326418532, "fx": 1637.3479683648786}, {"id": 5, "img_name": "00000005", "width": 1054, "height": 1878, "position": [-0.9884104211220214, -0.1064948000979332, 0.33802338198436294], "rotation": [[0.8932035427615538, -0.07182331188621807, -0.4438793113763063], [0.04800240200299021, 0.9967502881486754, -0.06468873532134979], [0.44708299073007934, 0.03647293442029818, 0.8937485801133452]], "fy": 1639.4160326418532, "fx": 1637.3479683648786}, {"id": 6, "img_name": "00000006", "width": 1054, "height": 1878, "position": [-0.9935233430655279, -0.10816464046684918, 0.3481238399461279], "rotation": [[0.9078750234780942, -0.06309416490937002, -0.4144660035503986], [0.04522466645643089, 0.9975805989511712, -0.052798467213804066], [0.4167945192640546, 0.02919032289324306, 0.9085319222574592]], "fy": 1639.4160326418532, "fx": 1637.3479683648786}, {"id": 7, "img_name": "00000007", "width": 1054, "height": 1878, "position": [-1.0074671164839537, -0.11140220117673527, 0.417077683663894], "rotation": [[0.973124505308264, -0.020822869977420173, -0.22933622752293134], [0.019787409439267243, 0.9997809899484913, -0.006813997747122569], [0.22942788757304347, 0.0020928983535870825, 0.9733234119141759]], "fy": 1639.4160326418532, "fx": 1637.3479683648786}, {"id": 8, "img_name": "00000008", "width": 1054, "height": 1878, "position": [-1.0153127633657564, -0.11053003120515925, 0.48870332216600487], "rotation": [[0.993378834990346, -0.008910446657503788, 0.11453861415953472], [0.007986403903403863, 0.9999317780274319, 0.008523886648137845], [-0.11460675174663439, -0.00755269695290276, 0.9933822271526821]], "fy": 1639.4160326418532, "fx": 1637.3479683648786}, {"id": 9, "img_name": "00000009", "width": 1054, "height": 1878, "position": [-1.0232904669583667, -0.11247107757699906, 0.5121920847756508], "rotation": [[0.9500202719021995, -0.015980481157764362, 0.31177893963004827], [0.00908039879231215, 0.9996809354777898, 0.023570608817408484], [-0.31205613170172364, -0.019561479090729736, 0.9498622632798607]], "fy": 1639.4160326418532, "fx": 1637.3479683648786}, {"id": 10, "img_name": "00000010", "width": 1054, "height": 1878, "position": [-1.023460787744235, -0.11094053812968886, 0.5154867973122433], "rotation": [[0.9208509509274762, -0.020476612092578644, 0.3893767257209563], [0.010278082210235318, 0.9995478381286316, 0.028257394049316296], [-0.389779280108682, -0.02201880218333308, 0.9206450375407284]], "fy": 1639.4160326418532, "fx": 1637.3479683648786}, {"id": 11, "img_name": "00000011", "width": 1054, "height": 1878, "position": [-1.0385366740558657, -0.10713520658248611, 0.5003562219188012], "rotation": [[0.7742898935235216, -0.04746217149018519, 0.6310487327178221], [0.01609046246994147, 0.9983377024840083, 0.05534373330789185], [-0.6326264757381219, -0.032698227419661524, 0.7737664816459651]], "fy": 1639.4160326418532, "fx": 1637.3479683648786}, {"id": 12, "img_name": "00000012", "width": 1054, "height": 1878, "position": [-1.0388353458828852, -0.10103739860922803, 0.4790916805059144], "rotation": [[0.6803544788467429, -0.08281816247325853, 0.7281888045539632], [0.02362639968164684, 0.9955566837366927, 0.09115197587151774], [-0.732502270543416, -0.04481117529982482, 0.679288143733562]], "fy": 1639.4160326418532, "fx": 1637.3479683648786}, {"id": 13, "img_name": "00000013", "width": 1054, "height": 1878, "position": [-1.029037922201123, -0.04725337372490961, 0.3913228717730454], "rotation": [[0.508511138508826, -0.24379910590034287, 0.8258198459559147], [0.05518950101724854, 0.966334973725427, 0.25129830387916574], [-0.8592849009437584, -0.08221140138248349, 0.5048472486731047]], "fy": 1639.4160326418532, "fx": 1637.3479683648786}, {"id": 14, "img_name": "00000014", "width": 1054, "height": 1878, "position": [-1.0370636641016213, -0.0300925243369076, 0.33478962485777575], "rotation": [[0.4149040418318045, -0.29137617201411203, 0.861948120511922], [0.0567163104234587, 0.9537761902262897, 0.295117331055589], [-0.9080957527725709, -0.07355885629770766, 0.4122513777497792]], "fy": 1639.4160326418532, "fx": 1637.3479683648786}, {"id": 15, "img_name": "00000015", "width": 1054, "height": 1878, "position": [-1.076423995047345, -0.04430086054209823, 0.2958057147440834], "rotation": [[0.34211755427454504, -0.2605339915409604, 0.9028164920452763], [0.05255335815829151, 0.9645948535040013, 0.25844711865269615], [-0.9381864013102567, -0.040973257685095854, 0.3436967683164634]], "fy": 1639.4160326418532, "fx": 1637.3479683648786}, {"id": 16, "img_name": "00000016", "width": 1054, "height": 1878, "position": [-1.0946575204410258, -0.05041154237920122, 0.2876346225934226], "rotation": [[0.3142689124030873, -0.2367796529206094, 0.9193315216285017], [0.050210632212703436, 0.971186596537625, 0.23297100059549283], [-0.9480052442417084, -0.027055326064570777, 0.31710261150258356]], "fy": 1639.4160326418532, "fx": 1637.3479683648786}, {"id": 17, "img_name": "00000017", "width": 1054, "height": 1878, "position": [-1.2348321005851146, -0.10935524862097988, 0.26556456099436065], "rotation": [[0.12913526301951986, -0.008944334053217519, 0.9915866491301826], [0.03680526016274659, 0.9993135430187847, 0.004220848681976099], [-0.9909437202330069, 0.035950544190429916, 0.12937581575851018]], "fy": 1639.4160326418532, "fx": 1637.3479683648786}, {"id": 18, "img_name": "00000018", "width": 1054, "height": 1878, "position": [-1.2668271474444772, -0.13274489853256624, 0.1951787110144342], "rotation": [[-0.028639432208981727, 0.10521480683006715, 0.9940370351986181], [0.02504532491064107, 0.9942082831311763, -0.10451134605141883], [-0.9992759952199729, 0.021902834909450688, -0.03110869974881276]], "fy": 1639.4160326418532, "fx": 1637.3479683648786}, {"id": 19, "img_name": "00000019", "width": 1054, "height": 1878, "position": [-1.2787231030242177, -0.13367953881721853, 0.19471277972951792], "rotation": [[-0.14246231416153662, 0.1296079614784363, 0.9812778736755169], [0.021925573320757112, 0.9915597887447521, -0.1277828414890624], [-0.9895573547189143, 0.003310840658640499, -0.14410163099645107]], "fy": 1639.4160326418532, "fx": 1637.3479683648786}, {"id": 20, "img_name": "00000020", "width": 1054, "height": 1878, "position": [3.4676219297095847, -0.13485297683276748, -0.5503806901990526], "rotation": [[0.22796413164669885, -0.1460200239343291, -0.9626580427611792], [0.04248225490461661, 0.9892408522092906, -0.1399921224157114], [0.9727423156729563, -0.00898270173468372, 0.23171469174128775]], "fy": 1639.4160326418532, "fx": 1637.3479683648786}, {"id": 21, "img_name": "00000021", "width": 1054, "height": 1878, "position": [-3.76981531397437, -0.12076742681531813, 0.22644883223697487], "rotation": [[-0.5368839711959505, 0.047650009713289226, 0.8423093719336079], [0.057688551431161875, 0.9981403385442206, -0.019695065488671136], [-0.8416814317226202, 0.03801764255121951, -0.5386344088045322]], "fy": 1639.4160326418532, "fx": 1637.3479683648786}, {"id": 22, "img_name": "00000022", "width": 1054, "height": 1878, "position": [-0.0587638090174159, -0.07196206731759038, 1.8520411336237046], "rotation": [[-0.9536654543780931, 0.0018047862852068502, -0.3008636632634284], [-0.02867006890313306, 0.9948864397093067, 0.09684523339653509], [0.29949996373107374, 0.10098373546767063, -0.9487370852328272]], "fy": 1639.4160326418532, "fx": 1637.3479683648786}, {"id": 23, "img_name": "00000023", "width": 1054, "height": 1878, "position": [-3.7704068623819214, -0.10393775717628786, 0.1978189802730858], "rotation": [[-0.6672535764488571, -0.048847061284661854, 0.7432271720813642], [0.06718759465915129, 0.989831868266061, 0.1253742385374165], [-0.7417941034007527, 0.13359205503611324, -0.6571869376296985]], "fy": 1639.4160326418532, "fx": 1637.3479683648786}, {"id": 24, "img_name": "00000024", "width": 1054, "height": 1878, "position": [0.03033054151881787, -0.17590275563289826, 0.9079960377806542], "rotation": [[-0.7924611355295684, 0.1794157434184063, -0.5829368230681669], [-0.005308504342138539, 0.953690596964697, 0.30074252283767444], [0.6098993100970325, 0.2414212838064205, -0.7548103041615314]], "fy": 1639.4160326418532, "fx": 1637.3479683648786}, {"id": 25, "img_name": "00000025", "width": 1054, "height": 1878, "position": [-1.2722727431540701, -0.06668166706858668, 0.0500856949029132], "rotation": [[-0.9425159466561093, -0.06672423876030734, 0.3274317734441711], [0.07968516206412282, 0.9067158409040971, 0.41414569755146663], [-0.32452113220212947, 0.41643037811311734, -0.8492772073585947]], "fy": 1639.4160326418532, "fx": 1637.3479683648786}, {"id": 26, "img_name": "00000026", "width": 1054, "height": 1878, "position": [-1.2897259149309137, -0.029831504518830848, -0.02451666981466602], "rotation": [[-0.9971933215665761, 0.07444109755450401, 0.008000151117334408], [0.0684532852224437, 0.8632318124860031, 0.500144964639638], [0.030325355154954756, 0.4992888551800558, -0.8659047360580235]], "fy": 1639.4160326418532, "fx": 1637.3479683648786}, {"id": 27, "img_name": "00000027", "width": 1054, "height": 1878, "position": [-1.3146452798368222, -0.03084201078235746, -0.04289387482389657], "rotation": [[-0.9849482034732868, 0.13339299898446638, -0.10992426618665423], [0.05905766876251427, 0.8573888649199353, 0.5112695239026497], [0.16244761689566709, 0.49708212815714375, -0.8523615017301537]], "fy": 1639.4160326418532, "fx": 1637.3479683648786}, {"id": 28, "img_name": "00000028", "width": 1054, "height": 1878, "position": [-1.4445823136997138, -0.03601873255887439, -0.13133301837209455], "rotation": [[-0.8762616013428318, 0.22427924095227822, -0.42645565782384154], [0.028918423155939663, 0.9079484029131409, 0.41808303296073984], [0.48096707872189076, 0.3540176827862514, -0.8020861234682861]], "fy": 1639.4160326418532, "fx": 1637.3479683648786}, {"id": 29, "img_name": "00000029", "width": 1054, "height": 1878, "position": [-1.4658291269722254, -0.041971764992338526, -0.14972544725728393], "rotation": [[-0.853504145748088, 0.21854671344841087, -0.47304123206304605], [0.02197173295360531, 0.9220850198667486, 0.3863631181781631], [0.5206226235401625, 0.319368987502287, -0.7918052372142547]], "fy": 1639.4160326418532, "fx": 1637.3479683648786}, {"id": 30, "img_name": "00000030", "width": 1054, "height": 1878, "position": [-2.0449138007347782, -0.07561439700383597, -1.4107770370822104], "rotation": [[0.8575782075501381, -0.17182828976509754, 0.48480373015426964], [0.05362004367648557, 0.9672795875482871, 0.24798203650375045], [-0.5115510813703984, -0.18666879318412416, 0.8387313352915573]], "fy": 1639.4160326418532, "fx": 1637.3479683648786}, {"id": 31, "img_name": "00000031", "width": 1054, "height": 1878, "position": [-1.5885323354299516, -0.06901604274456886, -0.39319669061304263], "rotation": [[-0.8578674795516904, 0.1437274362211872, -0.4933617451778296], [0.0394945622366929, 0.975690114437176, 0.21556664895874472], [0.5123510194011144, 0.16544251166751317, -0.8426892714706785]], "fy": 1639.4160326418532, "fx": 1637.3479683648786}, {"id": 32, "img_name": "00000032", "width": 1054, "height": 1878, "position": [-1.6692294914425516, -0.05826151822251879, -0.6556048953033212], "rotation": [[-0.8897749709444758, 0.15846051394149965, -0.42800790483605916], [0.05835433302130811, 0.9695941020185557, 0.23765952358041278], [0.45265359039600644, 0.186487379873884, -0.8719674215527655]], "fy": 1639.4160326418532, "fx": 1637.3479683648786}, {"id": 33, "img_name": "00000033", "width": 1054, "height": 1878, "position": [-1.6323608433188845, -0.08328735976637984, -0.875275992874178], "rotation": [[-0.9799998153481302, 0.08163394197902965, -0.18148350182480663], [0.05103249809854904, 0.984583093114286, 0.16730755180602846], [0.19234356255266713, 0.1546998134144632, -0.969057233435713]], "fy": 1639.4160326418532, "fx": 1637.3479683648786}, {"id": 34, "img_name": "00000034", "width": 1054, "height": 1878, "position": [-1.5829856840964491, -0.08819595142120688, -0.9623798530772799], "rotation": [[-0.9941320230211447, 0.026334006358173487, 0.10491921136290246], [0.040442736972033884, 0.9900600335856445, 0.1347052891411602], [-0.10032898798501162, 0.13815806167401296, -0.9853154033934427]], "fy": 1639.4160326418532, "fx": 1637.3479683648786}, {"id": 35, "img_name": "00000035", "width": 1054, "height": 1878, "position": [-1.545617641770978, -0.0884280655246297, -1.0031772278271671], "rotation": [[-0.9231710176188703, -0.015839069584873054, 0.38406301058970127], [0.03648425835687132, 0.9910293546982496, 0.12856794708837851], [-0.38265411420849577, 0.13270245665041996, -0.9143117011600883]], "fy": 1639.4160326418532, "fx": 1637.3479683648786}, {"id": 36, "img_name": "00000036", "width": 1054, "height": 1878, "position": [-4.004469613004394, -0.08135993906196519, -1.0146540986555026], "rotation": [[-0.39953287358118716, -0.12952124739200413, 0.9075228533772459], [0.02766786734517711, 0.9878138480237457, 0.15316099623954427], [-0.9163012452488148, 0.08630207486810078, -0.3910805285729936]], "fy": 1639.4160326418532, "fx": 1637.3479683648786}, {"id": 37, "img_name": "00000037", "width": 1054, "height": 1878, "position": [-3.999562216937827, -0.07950409428892952, -1.0197852434464785], "rotation": [[-0.3560514670925736, -0.13163589757341826, 0.9251482817642078], [0.02773761408301114, 0.9881034509130523, 0.15126861888276558], [-0.9340545902388188, 0.07952081968741254, -0.34816441761046474]], "fy": 1639.4160326418532, "fx": 1637.3479683648786}, {"id": 38, "img_name": "00000038", "width": 1054, "height": 1878, "position": [-1.528854449724542, -0.10052616751162084, -0.2610562230218553], "rotation": [[0.291995999601154, -0.02770842913525984, 0.956018085169825], [0.16566752243389665, 0.9859357012752971, -0.022024190368828314], [-0.941962105515682, 0.16481212305423507, 0.2924796674417188]], "fy": 1639.4160326418532, "fx": 1637.3479683648786}, {"id": 39, "img_name": "00000039", "width": 1054, "height": 1878, "position": [-1.4962657623630604, -0.08928546040077795, -0.30862638515703467], "rotation": [[0.39701287866738605, 0.06066860515598152, 0.9158057078445533], [0.17197613748145216, 0.9752226021392661, -0.1391584866750112], [-0.9015569767403477, 0.21274443970441678, 0.3767423802356959]], "fy": 1639.4160326418532, "fx": 1637.3479683648786}, {"id": 40, "img_name": "00000040", "width": 1054, "height": 1878, "position": [-1.4166958444403357, -0.09105329296278095, -0.3752884850653098], "rotation": [[0.4807275448308694, 0.22038062727509186, 0.8487245765044873], [0.1698244550222291, 0.9261773325848272, -0.33668264446278967], [-0.8602677967454593, 0.30598680972860814, 0.407812935247058]], "fy": 1639.4160326418532, "fx": 1637.3479683648786}, {"id": 41, "img_name": "00000041", "width": 1054, "height": 1878, "position": [-1.3674580775111687, -0.09342040008234925, -0.40264351408922106], "rotation": [[0.4970844933916683, 0.2557125925864958, 0.8291670980099496], [0.1778884427942149, 0.9052602109963276, -0.3858233433932343], [-0.8492718695151737, 0.33928604507049365, 0.404502498472661]], "fy": 1639.4160326418532, "fx": 1637.3479683648786}, {"id": 42, "img_name": "00000042", "width": 1054, "height": 1878, "position": [-1.0035621123851013, -0.045313750756500334, -1.5844455459185218], "rotation": [[0.602383594974639, 0.2585065249993757, 0.7551876462430892], [0.06455840091964592, 0.9272272545895975, -0.36889270962833626], [-0.7955917403895846, 0.2709686234215779, 0.5418577190968923]], "fy": 1639.4160326418532, "fx": 1637.3479683648786}, {"id": 43, "img_name": "00000043", "width": 1054, "height": 1878, "position": [-0.9904077360747118, -0.04669388736331695, -1.573652907835136], "rotation": [[0.6458731990976536, 0.24004459077622017, 0.7247250548493817], [0.062289369353918336, 0.9295489880173445, -0.36339883508539406], [-0.7608993659826861, 0.27985223478651594, 0.585418552432479]], "fy": 1639.4160326418532, "fx": 1637.3479683648786}, {"id": 44, "img_name": "00000044", "width": 1054, "height": 1878, "position": [-0.7473698220415023, -0.04463556997234665, -1.6062591166934492], "rotation": [[0.9968490742618102, -0.038638040482318406, 0.06927499528010478], [0.046746445106482744, 0.9917290506588888, -0.11953350973315255], [-0.06408348471547416, 0.12239522828487147, 0.9904103771062861]], "fy": 1639.4160326418532, "fx": 1637.3479683648786}, {"id": 45, "img_name": "00000045", "width": 1054, "height": 1878, "position": [-0.722194648560737, -0.030283085584731254, -1.594175073449106], "rotation": [[0.9987949650890954, -0.04491907143627798, 0.01977105798827685], [0.04595846477185289, 0.9973891402603862, -0.055702086194885266], [-0.01721735254002792, 0.05654361070846668, 0.9982516630888035]], "fy": 1639.4160326418532, "fx": 1637.3479683648786}, {"id": 46, "img_name": "00000046", "width": 1054, "height": 1878, "position": [-0.6209644152862418, -0.00899215796154944, -1.5731027036109144], "rotation": [[0.996129318769679, -0.03765992817569404, 0.07942361171123374], [0.035801266817692225, 0.9990536930272556, 0.024697929930471797], [-0.08027857486094074, -0.021758866202163468, 0.9965349477865254]], "fy": 1639.4160326418532, "fx": 1637.3479683648786}, {"id": 47, "img_name": "00000047", "width": 1054, "height": 1878, "position": [-0.3663114236583627, 0.0037522466348404, -1.6117232679504327], "rotation": [[0.9967307185308388, -0.04778301335772766, 0.065151042750312], [0.042847322626433836, 0.9962506688490936, 0.07515791216818007], [-0.06849804143728527, -0.0721206520504966, 0.9950410191881875]], "fy": 1639.4160326418532, "fx": 1637.3479683648786}, {"id": 48, "img_name": "00000048", "width": 1054, "height": 1878, "position": [-1.5391740362350737, -0.10659491918343947, -1.6040972535947773], "rotation": [[0.9847525397267898, -0.0013026435183674896, 0.17395613993619677], [-0.02448990209149336, 0.988975324358321, 0.14604126987226296], [-0.17222856963113495, -0.148074680246888, 0.973864060776757]], "fy": 1639.4160326418532, "fx": 1637.3479683648786}, {"id": 49, "img_name": "00000051", "width": 1054, "height": 1878, "position": [0.16687347519023854, -0.016152151613639202, -1.6293681185020379], "rotation": [[0.9579145652190757, -0.003121199397929475, -0.28703648523396363], [-0.013967260998756491, 0.9982496872825902, -0.057467185944705436], [0.2867134481696693, 0.059057767944014766, 0.9561943205667607]], "fy": 1639.4160326418532, "fx": 1637.3479683648786}, {"id": 50, "img_name": "00000052", "width": 1054, "height": 1878, "position": [0.2312838985273056, -0.02975808612275566, -1.660146038420882], "rotation": [[0.972783596251403, 0.0010398111688652428, -0.23171317109072675], [-0.020440942949665353, 0.9964764564287487, -0.08134395880784559], [0.23081213727946764, 0.08386650449337359, 0.9693772055853939]], "fy": 1639.4160326418532, "fx": 1637.3479683648786}, {"id": 51, "img_name": "00000053", "width": 1054, "height": 1878, "position": [0.5577369443970722, -0.02053358810617641, -1.6528927815714238], "rotation": [[0.993152859169511, -0.004621393494735995, 0.11673063456347808], [0.00735429517460378, 0.999708594399519, -0.022992186199289246], [-0.11659036266308745, 0.023693227004880513, 0.9928974359560936]], "fy": 1639.4160326418532, "fx": 1637.3479683648786}, {"id": 52, "img_name": "00000054", "width": 1054, "height": 1878, "position": [0.5669445052036327, -0.019653573951473283, -1.6521314947719234], "rotation": [[0.9929851423277544, -0.005490324141389986, 0.11811165673696981], [0.008003452887485343, 0.9997513345799911, -0.020813787435361962], [-0.11796801201260924, 0.021613082759039698, 0.9927821628108775]], "fy": 1639.4160326418532, "fx": 1637.3479683648786}, {"id": 53, "img_name": "00000055", "width": 1054, "height": 1878, "position": [0.7947158381152825, -0.005805948781712607, -1.6073161064253754], "rotation": [[0.9885893654861696, -0.06867779345406999, 0.13406874033096855], [0.05667520118537173, 0.9942020676547747, 0.09137926592815472], [-0.13956714519631835, -0.0827381976915794, 0.9867499189888485]], "fy": 1639.4160326418532, "fx": 1637.3479683648786}, {"id": 54, "img_name": "00000056", "width": 1054, "height": 1878, "position": [0.9936037056050709, 0.028035788629419956, -1.5162158735309057], "rotation": [[0.9732025721732049, -0.16893748627305422, 0.1560028180745444], [0.12534114019600176, 0.958502671542141, 0.25605121991692364], [-0.19278576734246752, -0.22963613473998423, 0.9539920825310112]], "fy": 1639.4160326418532, "fx": 1637.3479683648786}, {"id": 55, "img_name": "00000057", "width": 1054, "height": 1878, "position": [1.2955299963560594, 0.03913766988558402, -1.4891074179269879], "rotation": [[0.9897715185096975, -0.1270156132035255, 0.06495671750897025], [0.10593071540829213, 0.9593128218228357, 0.26172044898974894], [-0.09555639528621403, -0.252162534665324, 0.9629553631560832]], "fy": 1639.4160326418532, "fx": 1637.3479683648786}, {"id": 56, "img_name": "00000058", "width": 1054, "height": 1878, "position": [1.4614375260996677, 0.04082457447389745, -1.5725314779128974], "rotation": [[0.9970127552063501, -0.07447165673496683, 0.02048263408334423], [0.06869298330863866, 0.9762113216147258, 0.20565196229404006], [-0.0353106216314864, -0.20363061629916918, 0.9784108196997919]], "fy": 1639.4160326418532, "fx": 1637.3479683648786}, {"id": 57, "img_name": "00000059", "width": 1054, "height": 1878, "position": [1.5223977257096062, 0.03291397620572259, -1.6084723078251197], "rotation": [[0.9986694506750347, -0.05156663724227479, 0.000458488765753739], [0.050583002062112636, 0.9812723640351342, 0.185865293918159], [-0.01003435054246121, -0.18559479923861813, 0.9825751280715221]], "fy": 1639.4160326418532, "fx": 1637.3479683648786}, {"id": 58, "img_name": "00000060", "width": 1054, "height": 1878, "position": [1.901814537850932, 0.014431070725487159, -1.7164373233211727], "rotation": [[0.9893218479132782, 0.04590772757251844, -0.13832845618521056], [-0.03345341225649451, 0.9952841093975442, 0.09105169295040419], [0.14185609063361826, -0.08545187025375799, 0.9861920844441419]], "fy": 1639.4160326418532, "fx": 1637.3479683648786}, {"id": 59, "img_name": "00000061", "width": 1054, "height": 1878, "position": [2.0812038613066983, 0.008722830307937452, -1.6982899657323178], "rotation": [[0.965899588912198, 0.05300795897692667, -0.25343271380062127], [-0.036403800450176334, 0.996898878383162, 0.06976667966283882], [0.2563449774269644, -0.058161693265360546, 0.9648339079781945]], "fy": 1639.4160326418532, "fx": 1637.3479683648786}, {"id": 60, "img_name": "00000062", "width": 1054, "height": 1878, "position": [2.118721271630103, 0.006911872573483069, -1.6971934024013582], "rotation": [[0.9588500842322959, 0.05122414205670085, -0.2792536539389848], [-0.0345690268911375, 0.9973351221160036, 0.06424668531259964], [0.28180045838770235, -0.0519494125511668, 0.9580656345929903]], "fy": 1639.4160326418532, "fx": 1637.3479683648786}, {"id": 61, "img_name": "00000063", "width": 1054, "height": 1878, "position": [2.2933246837105887, 0.009825350501032256, -1.7290376148017226], "rotation": [[0.9081369303796876, 0.040654447957240915, -0.41669477023578094], [-0.028202839415647437, 0.99895385071281, 0.03599727760462302], [0.41772229474790246, -0.020938481495588, 0.9083334544445698]], "fy": 1639.4160326418532, "fx": 1637.3479683648786}, {"id": 62, "img_name": "00000064", "width": 1054, "height": 1878, "position": [2.329145998777748, 0.0004132408201241302, -1.7219466813468538], "rotation": [[0.8463692413005699, 0.11439858792765022, -0.5201654260525754], [-0.12858493400980797, 0.9916588284643354, 0.008870325497712854], [0.5168413897183459, 0.05937786632156577, 0.8540194651558636]], "fy": 1639.4160326418532, "fx": 1637.3479683648786}, {"id": 63, "img_name": "00000065", "width": 1054, "height": 1878, "position": [2.831792573112237, -0.03829801366918809, -1.6391417972047397], "rotation": [[0.7438011982394068, 0.059531752574448385, -0.6657445064985795], [-0.08287343064230093, 0.9965540153052677, -0.0034769343571481367], [0.663243373122716, 0.05775867912584944, 0.7461716712623434]], "fy": 1639.4160326418532, "fx": 1637.3479683648786}, {"id": 64, "img_name": "00000066", "width": 1054, "height": 1878, "position": [2.9798377916884937, -0.04088985210703912, -1.5925505042103636], "rotation": [[0.7038055861288113, 0.06078723253624306, -0.7077871214528172], [-0.08138599376443197, 0.9966717192567234, 0.0046694810014625355], [0.7057152520336062, 0.05431755143995253, 0.7064103528776402]], "fy": 1639.4160326418532, "fx": 1637.3479683648786}, {"id": 65, "img_name": "00000067", "width": 1054, "height": 1878, "position": [3.205900309810586, -0.027143697661288466, -1.467966675620172], "rotation": [[0.639041966016872, 0.045606563249264265, -0.7678186029641908], [-0.05064494024066504, 0.9985692595896717, 0.01716169661059947], [0.767502739863064, 0.027919082920569785, 0.6404374045225372]], "fy": 1639.4160326418532, "fx": 1637.3479683648786}, {"id": 66, "img_name": "00000068", "width": 1054, "height": 1878, "position": [3.350941596940945, -0.030277772698926876, -1.2789467490825324], "rotation": [[0.6152311688117312, 0.020861274539858775, -0.7880706923538798], [-0.01496541869065177, 0.999778736022741, 0.014782260997019328], [0.7882046975031072, 0.002699300158031367, 0.6154072380242958]], "fy": 1639.4160326418532, "fx": 1637.3479683648786}, {"id": 67, "img_name": "00000069", "width": 1054, "height": 1878, "position": [3.4111512632581316, -0.01973915163109517, -1.0893685123308843], "rotation": [[0.5179650469700361, 0.007866173373980545, -0.855365613894888], [-0.002593502482837976, 0.9999675623630483, 0.007625481399543249], [0.8553978512143923, -0.001731339987912933, 0.5179686463480646]], "fy": 1639.4160326418532, "fx": 1637.3479683648786}, {"id": 68, "img_name": "00000070", "width": 1054, "height": 1878, "position": [3.4137588260738694, -0.016532255003526453, -0.9265699449270569], "rotation": [[0.4363391236610504, 0.001957657361194756, -0.899780160228243], [-0.0014835255122339645, 0.9999978391962623, 0.0014562811751839997], [0.8997810668794719, 0.000699414371316692, 0.43634108505248065]], "fy": 1639.4160326418532, "fx": 1637.3479683648786}, {"id": 69, "img_name": "00000071", "width": 1054, "height": 1878, "position": [3.4321164936375603, -0.010641699108327502, -0.6231382081344187], "rotation": [[0.24270689789754152, -0.0050108216107985545, -0.9700867246693655], [-0.0010037201560655995, 0.9999848275881071, -0.0054163769654469954], [0.9700991466127578, 0.0022882876498096414, 0.24269818598586812]], "fy": 1639.4160326418532, "fx": 1637.3479683648786}, {"id": 70, "img_name": "00000072", "width": 1054, "height": 1878, "position": [3.4412680902411763, -0.00619934216264322, -0.39671259272636894], "rotation": [[0.24042401874670685, -0.005780734833003999, -0.9706507478565467], [0.012862885069736362, 0.9999134357922181, -0.0027689546554874422], [0.970582730836154, -0.011819645806532716, 0.24047756355976788]], "fy": 1639.4160326418532, "fx": 1637.3479683648786}, {"id": 71, "img_name": "00000073", "width": 1054, "height": 1878, "position": [3.45530753992611, 0.0028624314336968427, -0.3162280137967547], "rotation": [[0.24828796239974799, -0.0057669993426032375, -0.9686691021427098], [0.018353860535745333, 0.9998307747257975, -0.0012480843905256426], [0.968512376550148, -0.017468933275786407, 0.2483517925028736]], "fy": 1639.4160326418532, "fx": 1637.3479683648786}, {"id": 72, "img_name": "00000074", "width": 1054, "height": 1878, "position": [3.4843164509335356, -0.0006792534758372692, 0.0878560455153035], "rotation": [[0.2966612527156699, -0.0008594431761828067, -0.9549823885782376], [0.032959909653912975, 0.9994130374565033, 0.009339428118013193], [0.9544138229786777, -0.034246779693754476, 0.2965154508416587]], "fy": 1639.4160326418532, "fx": 1637.3479683648786}, {"id": 73, "img_name": "00000075", "width": 1054, "height": 1878, "position": [3.498154597978591, 0.0008779355160598246, 0.30821022874737913], "rotation": [[0.22533755750358755, 0.0016308330053955162, -0.9742793878359666], [0.03535163792986101, 0.9993264014826916, 0.009849111397995365], [0.9736391769408179, -0.03666174686730875, 0.22512811784102849]], "fy": 1639.4160326418532, "fx": 1637.3479683648786}, {"id": 74, "img_name": "00000076", "width": 1054, "height": 1878, "position": [3.464811997928121, 0.010863177443173739, 0.5958939658771991], "rotation": [[0.05699606082429084, 0.016001002383145908, -0.9982461705277152], [0.04163318375634507, 0.9989637133577044, 0.018389600455060058], [0.9975059533961811, -0.042608301037719155, 0.05627082389529197]], "fy": 1639.4160326418532, "fx": 1637.3479683648786}, {"id": 75, "img_name": "00000077", "width": 1054, "height": 1878, "position": [3.3861198310379153, 0.0071543419235450545, 0.768355763090806], "rotation": [[-0.06959770902313075, 0.028043299988772107, -0.9971808924284855], [0.04441869883175755, 0.9987004987496625, 0.024985855824229204], [0.9965857404623172, -0.042554519418215524, -0.07075291360968446]], "fy": 1639.4160326418532, "fx": 1637.3479683648786}, {"id": 76, "img_name": "00000078", "width": 1054, "height": 1878, "position": [3.2599614415655176, -0.0024640113552264775, 0.9255314723904328], "rotation": [[-0.159325377401624, 0.032844275284463716, -0.9866796226216837], [0.04395724176564057, 0.9986912157509465, 0.026146060472910147], [0.9862470202805111, -0.03920598376440025, -0.16056059860650265]], "fy": 1639.4160326418532, "fx": 1637.3479683648786}, {"id": 77, "img_name": "00000079", "width": 1054, "height": 1878, "position": [3.2446234898163944, -0.0025654088068268626, 0.9416580763499507], "rotation": [[-0.1696299611243151, 0.03397669634971158, -0.9849219564991543], [0.0434529898378263, 0.9986914280313853, 0.02696793004266756], [0.9845493964058464, -0.038223234842068805, -0.17088437715335758]], "fy": 1639.4160326418532, "fx": 1637.3479683648786}, {"id": 78, "img_name": "00000080", "width": 1054, "height": 1878, "position": [3.0828154887362187, -0.007876291029728913, 1.0521604708140682], "rotation": [[-0.2586503242575659, 0.030121807551988927, -0.9655012617657508], [0.0364921830416919, 0.9991049037139773, 0.021394203690157758], [0.965281477258477, -0.02969963104964855, -0.25951801782767814]], "fy": 1639.4160326418532, "fx": 1637.3479683648786}, {"id": 79, "img_name": "00000081", "width": 1054, "height": 1878, "position": [2.917945458828996, -0.005142464911209482, 1.1847012583668246], "rotation": [[-0.35520767955531823, 0.021683898401825705, -0.9345358810313411], [0.025548819447171404, 0.9995826553468181, 0.01348232007705807], [0.9344382067369577, -0.019087264861779113, -0.3556134335346657]], "fy": 1639.4160326418532, "fx": 1637.3479683648786}, {"id": 80, "img_name": "00000082", "width": 1054, "height": 1878, "position": [2.6855006664273233, -0.01365164396740111, 1.4361779255743015], "rotation": [[-0.40856596375091386, 0.006787804087071736, -0.9127035548193958], [0.0010254572665534547, 0.9999751290212018, 0.006977805989378038], [0.9127282189686484, 0.0019149555364184206, -0.4085627629185168]], "fy": 1639.4160326418532, "fx": 1637.3479683648786}, {"id": 81, "img_name": "00000083", "width": 1054, "height": 1878, "position": [2.6614234555066103, -0.011235913726062707, 1.476168127194598], "rotation": [[-0.400863743004491, 0.0055251346360664835, -0.9161210249916121], [-0.0023373860129258035, 0.9999723912638504, 0.007053604517076845], [0.9161347041625785, 0.004968862778351456, -0.40083976129076065]], "fy": 1639.4160326418532, "fx": 1637.3479683648786}, {"id": 82, "img_name": "00000084", "width": 1054, "height": 1878, "position": [2.572231789501985, -0.013941597052536083, 1.5631751667778644], "rotation": [[-0.3314940154349866, 0.0032427219858534918, -0.9434517488906952], [-0.004747404130812539, 0.9999756999550582, 0.005105061548131383], [0.9434453772661179, 0.006171244081538823, -0.3314705656037628]], "fy": 1639.4160326418532, "fx": 1637.3479683648786}, {"id": 83, "img_name": "00000085", "width": 1054, "height": 1878, "position": [2.2849302210231306, -0.022125378136058842, 1.659549560451576], "rotation": [[-0.22766646761567902, -0.012459054737564704, -0.973659463815992], [0.025927182042188284, 0.9994860601140929, -0.01885197254821421], [0.9733939391401355, -0.02953620816309635, -0.22722643255703345]], "fy": 1639.4160326418532, "fx": 1637.3479683648786}, {"id": 84, "img_name": "00000086", "width": 1054, "height": 1878, "position": [2.064614726375232, -0.015285967358265769, 1.6391913452638125], "rotation": [[-0.20217597444971894, -0.0011857261867709767, -0.9793484923196221], [0.04432589533107993, 0.9989634046138621, -0.010360079409896682], [0.9783455884085156, -0.04550505791328282, -0.20191384139257035]], "fy": 1639.4160326418532, "fx": 1637.3479683648786}, {"id": 85, "img_name": "00000087", "width": 1054, "height": 1878, "position": [1.8316809983679698, -0.011183879415958848, 1.6275652460536525], "rotation": [[-0.2096025575647328, 0.016982878107212895, -0.9776391715318681], [0.05050577951356173, 0.9987024828439652, 0.006520505887339134], [0.9764814048910763, -0.04800971373060752, -0.21018832814753236]], "fy": 1639.4160326418532, "fx": 1637.3479683648786}, {"id": 86, "img_name": "00000088", "width": 1054, "height": 1878, "position": [1.6239190119998572, -0.0033113285352083877, 1.6099123818138938], "rotation": [[-0.20919071317367235, 0.027520270221236515, -0.9774875345746563], [0.05000761609693738, 0.9985970369057686, 0.01741253041118892], [0.9765953531807283, -0.04523928171367636, -0.21027344943154128]], "fy": 1639.4160326418532, "fx": 1637.3479683648786}, {"id": 87, "img_name": "00000089", "width": 1054, "height": 1878, "position": [1.4712642329392998, -0.0012470304470617222, 1.6063745916131251], "rotation": [[-0.2193557705583394, 0.02937947920864729, -0.9752024877553304], [0.04664393871078334, 0.9987193464459133, 0.01959617350893824], [0.9745293165956074, -0.041188751329415, -0.22044522643872733]], "fy": 1639.4160326418532, "fx": 1637.3479683648786}, {"id": 88, "img_name": "00000090", "width": 1054, "height": 1878, "position": [1.2780074565062045, -0.007433287225438414, 1.5925770284279108], "rotation": [[-0.24341073175429145, 0.027477476285342813, -0.96953401382511], [0.040982650499128234, 0.9989972868403217, 0.018023408216605055], [0.9690570870825445, -0.03534698265290129, -0.24429276041755474]], "fy": 1639.4160326418532, "fx": 1637.3479683648786}, {"id": 89, "img_name": "00000091", "width": 1054, "height": 1878, "position": [0.8806846559489977, -0.011368676602470235, 1.557628474595728], "rotation": [[-0.27802034419797667, 0.04155889465596439, -0.9596757507028155], [0.04076803534773794, 0.9986739581681054, 0.031437120904029725], [0.9597096725082662, -0.030383935752687573, -0.2793459520777998]], "fy": 1639.4160326418532, "fx": 1637.3479683648786}, {"id": 90, "img_name": "00000092", "width": 1054, "height": 1878, "position": [0.6668709007227034, -0.005807800301617337, 1.5310450333803376], "rotation": [[-0.2902345410707293, 0.04803069154741847, -0.9557494252359975], [0.04871849714276653, 0.9981861303888654, 0.03536887240856604], [0.9557146117987384, -0.03629740719087136, -0.2920480765654975]], "fy": 1639.4160326418532, "fx": 1637.3479683648786}, {"id": 91, "img_name": "00000093", "width": 1054, "height": 1878, "position": [0.4487931254802448, -0.005484613615938607, 1.5245381214532705], "rotation": [[-0.3442760541708694, 0.05172361641366485, -0.937442620126495], [0.05523983705803764, 0.9978675046495865, 0.03477072858323301], [0.9372419959254588, -0.039813448349765745, -0.3463990912288346]], "fy": 1639.4160326418532, "fx": 1637.3479683648786}, {"id": 92, "img_name": "00000094", "width": 1054, "height": 1878, "position": [0.23598950682566797, -0.004974694058116277, 1.4907171434077613], "rotation": [[-0.4399534190724815, 0.0524512338814864, -0.896487510850398], [0.05488832657427522, 0.9979969615424279, 0.03145371771281804], [0.8963415981936288, -0.03536852861502078, -0.44195113590904966]], "fy": 1639.4160326418532, "fx": 1637.3479683648786}, {"id": 93, "img_name": "00000095", "width": 1054, "height": 1878, "position": [0.1814523493498372, -0.003928987302454692, 1.4842424905223701], "rotation": [[-0.4883773515520743, 0.05079714022904131, -0.8711528069377568], [0.05221848552593709, 0.9982164933104245, 0.028932028142124606], [0.8710687643695867, -0.031360532960877825, -0.4901588770103532]], "fy": 1639.4160326418532, "fx": 1637.3479683648786}, {"id": 94, "img_name": "00000096", "width": 1054, "height": 1878, "position": [-0.13601293044734378, -0.00700178561851635, 1.412614544596405], "rotation": [[-0.7769033341944103, 0.029422316641673635, -0.6289320604016343], [0.028023215064538656, 0.9995335119707036, 0.012143223005362257], [0.6289959528765304, -0.008190587948886207, -0.7773654259960346]], "fy": 1639.4160326418532, "fx": 1637.3479683648786}, {"id": 95, "img_name": "00000097", "width": 1054, "height": 1878, "position": [-0.30321824474230985, -0.0072570277570031365, 1.3872132246619315], "rotation": [[-0.8974497147207225, -0.005770696296481596, -0.4410790276265099], [0.012592391351154818, 0.9991717738168818, -0.03869364402179491], [0.44093700369525923, -0.04027983952152488, -0.896633756502825]], "fy": 1639.4160326418532, "fx": 1637.3479683648786}, {"id": 96, "img_name": "00000098", "width": 1054, "height": 1878, "position": [-0.3424369403405677, -0.011052037640869565, 1.3791669318282866], "rotation": [[-0.9121164056210812, -0.02428136277293725, -0.4092115321184975], [0.007449482897350981, 0.9970975449515492, -0.07576932793786144], [0.4098635965799368, -0.0721588613649227, -0.9092881451581101]], "fy": 1639.4160326418532, "fx": 1637.3479683648786}, {"id": 97, "img_name": "00000099", "width": 1054, "height": 1878, "position": [-0.4817602907485536, -0.0690638615150428, 1.3447722301894744], "rotation": [[-0.9620460217552979, -0.0914787768189094, -0.2570974239787713], [0.05101121829225774, 0.8652449476228514, -0.49874746738351305], [0.2680770554022546, -0.4929328696737973, -0.8277390158510171]], "fy": 1639.4160326418532, "fx": 1637.3479683648786}, {"id": 98, "img_name": "00000100", "width": 1054, "height": 1878, "position": [-0.5188900160049157, -0.07084603119052303, 1.3529664825168208], "rotation": [[-0.9877192419462406, -0.053973970105752826, -0.14662029068368004], [0.03757149364089447, 0.8288433462563123, -0.5582177802903012], [0.15165448214522298,